1 2 1
1 3 1
1 4 1
1 5 1
2 6 1
2 7 1
2 8 1
2 9 1
3 10 1
3 11 1
3 12 1
3 13 1
4 14 1
4 15 1
4 16 1
4 17 1
5 18 1
5 19 1
5 20 1
5 21 1
6 22 1
6 23 1
6 24 1
6 25 1
7 26 1
7 27 1
7 28 1
7 29 1
8 30 1
8 31 1
8 32 1
8 33 1
9 34 1
9 35 1
9 36 1
9 37 1
10 38 1
10 39 1
10 40 1
10 41 1
11 42 1
11 43 1
11 44 1
11 45 1
12 46 1
12 47 1
12 48 1
12 49 1
13 50 1
13 51 1
13 52 1
13 53 1
14 54 1
14 55 1
14 56 1
14 57 1
15 58 1
15 59 1
15 60 1
15 61 1
16 62 1
16 63 1
16 64 1
16 65 1
17 66 1
17 67 1
17 68 1
17 69 1
18 70 1
18 71 1
18 72 1
18 73 1
19 74 1
19 75 1
19 76 1
19 77 1
20 78 1
20 79 1
20 80 1
20 81 1
21 82 1
21 83 1
21 84 1
21 85 1
22 86 1
22 87 1
22 88 1
22 89 1
23 90 1
23 91 1
23 92 1
23 93 1
24 94 1
24 95 1
24 96 1
24 97 1
25 98 1
25 99 1
25 100 1
25 101 1
26 102 1
26 103 1
26 104 1
26 105 1
27 106 1
27 107 1
27 108 1
27 109 1
28 110 1
28 111 1
28 112 1
28 113 1
29 114 1
29 115 1
29 116 1
29 117 1
30 118 1
30 119 1
30 120 1
30 121 1
31 122 1
31 123 1
31 124 1
31 125 1
32 126 1
32 127 1
32 128 1
32 129 1
33 130 1
33 131 1
33 132 1
33 133 1
34 134 1
34 135 1
34 136 1
34 137 1
35 138 1
35 139 1
35 140 1
35 141 1
36 142 1
36 143 1
36 144 1
36 145 1
37 146 1
37 147 1
37 148 1
37 149 1
38 150 1
38 151 1
38 152 1
38 153 1
39 154 1
39 155 1
39 156 1
39 157 1
40 158 1
40 159 1
40 160 1
40 161 1
41 162 1
41 163 1
41 164 1
41 165 1
42 166 1
42 167 1
42 168 1
42 169 1
43 170 1
43 171 1
43 172 1
43 173 1
44 174 1
44 175 1
44 176 1
44 177 1
45 178 1
45 179 1
45 180 1
45 181 1
46 182 1
46 183 1
46 184 1
46 185 1
47 186 1
47 187 1
47 188 1
47 189 1
48 190 1
48 191 1
48 192 1
48 193 1
49 194 1
49 195 1
49 196 1
49 197 1
50 198 1
50 199 1
50 200 1
50 201 1
51 202 1
51 203 1
51 204 1
51 205 1
52 206 1
52 207 1
52 208 1
52 209 1
53 210 1
53 211 1
53 212 1
53 213 1
54 214 1
54 215 1
54 216 1
54 217 1
55 218 1
55 219 1
55 220 1
55 221 1
56 222 1
56 223 1
56 224 1
56 225 1
57 226 1
57 227 1
57 228 1
57 229 1
58 230 1
58 231 1
58 232 1
58 233 1
59 234 1
59 235 1
59 236 1
59 237 1
60 238 1
60 239 1
60 240 1
60 241 1
61 242 1
61 243 1
61 244 1
61 245 1
62 246 1
62 247 1
62 248 1
62 249 1
63 250 1
63 251 1
63 252 1
63 253 1
64 254 1
64 255 1
64 256 1
64 257 1
65 258 1
65 259 1
65 260 1
65 261 1
66 262 1
66 263 1
66 264 1
66 265 1
67 266 1
67 267 1
67 268 1
67 269 1
68 270 1
68 271 1
68 272 1
68 273 1
69 274 1
69 275 1
69 276 1
69 277 1
70 278 1
70 279 1
70 280 1
70 281 1
71 282 1
71 283 1
71 284 1
71 285 1
72 286 1
72 287 1
72 288 1
72 289 1
73 290 1
73 291 1
73 292 1
73 293 1
74 294 1
74 295 1
74 296 1
74 297 1
75 298 1
75 299 1
75 300 1
75 301 1
76 302 1
76 303 1
76 304 1
76 305 1
77 306 1
77 307 1
77 308 1
77 309 1
78 310 1
78 311 1
78 312 1
78 313 1
79 314 1
79 315 1
79 316 1
79 317 1
80 318 1
80 319 1
80 320 1
80 321 1
81 322 1
81 323 1
81 324 1
81 325 1
82 326 1
82 327 1
82 328 1
82 329 1
83 330 1
83 331 1
83 332 1
83 333 1
84 334 1
84 335 1
84 336 1
84 337 1
85 338 1
85 339 1
85 340 1
85 341 1
86 342 1
86 343 1
86 344 1
86 345 1
87 346 1
87 347 1
87 348 1
87 349 1
88 350 1
88 351 1
88 352 1
88 353 1
89 354 1
89 355 1
89 356 1
89 357 1
90 358 1
90 359 1
90 360 1
90 361 1
91 362 1
91 363 1
91 364 1
91 365 1
92 366 1
92 367 1
92 368 1
92 369 1
93 370 1
93 371 1
93 372 1
93 373 1
94 374 1
94 375 1
94 376 1
94 377 1
95 378 1
95 379 1
95 380 1
95 381 1
96 382 1
96 383 1
96 384 1
96 385 1
97 386 1
97 387 1
97 388 1
97 389 1
98 390 1
98 391 1
98 392 1
98 393 1
99 394 1
99 395 1
99 396 1
99 397 1
100 398 1
100 399 1
100 400 1
100 401 1
101 402 1
101 403 1
101 404 1
101 405 1
102 406 1
102 407 1
102 408 1
102 409 1
103 410 1
103 411 1
103 412 1
103 413 1
104 414 1
104 415 1
104 416 1
104 417 1
105 418 1
105 419 1
105 420 1
105 421 1
106 422 1
106 423 1
106 424 1
106 425 1
107 426 1
107 427 1
107 428 1
107 429 1
108 430 1
108 431 1
108 432 1
108 433 1
109 434 1
109 435 1
109 436 1
109 437 1
110 438 1
110 439 1
110 440 1
110 441 1
111 442 1
111 443 1
111 444 1
111 445 1
112 446 1
112 447 1
112 448 1
112 449 1
113 450 1
113 451 1
113 452 1
113 453 1
114 454 1
114 455 1
114 456 1
114 457 1
115 458 1
115 459 1
115 460 1
115 461 1
116 462 1
116 463 1
116 464 1
116 465 1
117 466 1
117 467 1
117 468 1
117 469 1
118 470 1
118 471 1
118 472 1
118 473 1
119 474 1
119 475 1
119 476 1
119 477 1
120 478 1
120 479 1
120 480 1
120 481 1
121 482 1
121 483 1
121 484 1
121 485 1
122 486 1
122 487 1
122 488 1
122 489 1
123 490 1
123 491 1
123 492 1
123 493 1
124 494 1
124 495 1
124 496 1
124 497 1
125 498 1
125 499 1
125 500 1
125 501 1
126 502 1
126 503 1
126 504 1
126 505 1
127 506 1
127 507 1
127 508 1
127 509 1
128 510 1
128 511 1
128 512 1
128 513 1
129 514 1
129 515 1
129 516 1
129 517 1
130 518 1
130 519 1
130 520 1
130 521 1
131 522 1
131 523 1
131 524 1
131 525 1
132 526 1
132 527 1
132 528 1
132 529 1
133 530 1
133 531 1
133 532 1
133 533 1
134 534 1
134 535 1
134 536 1
134 537 1
135 538 1
135 539 1
135 540 1
135 541 1
136 542 1
136 543 1
136 544 1
136 545 1
137 546 1
137 547 1
137 548 1
137 549 1
138 550 1
138 551 1
138 552 1
138 553 1
139 554 1
139 555 1
139 556 1
139 557 1
140 558 1
140 559 1
140 560 1
140 561 1
141 562 1
141 563 1
141 564 1
141 565 1
142 566 1
142 567 1
142 568 1
142 569 1
143 570 1
143 571 1
143 572 1
143 573 1
144 574 1
144 575 1
144 576 1
144 577 1
145 578 1
145 579 1
145 580 1
145 581 1
146 582 1
146 583 1
146 584 1
146 585 1
147 586 1
147 587 1
147 588 1
147 589 1
148 590 1
148 591 1
148 592 1
148 593 1
149 594 1
149 595 1
149 596 1
149 597 1
150 598 1
150 599 1
150 600 1
150 601 1
151 602 1
151 603 1
151 604 1
151 605 1
152 606 1
152 607 1
152 608 1
152 609 1
153 610 1
153 611 1
153 612 1
153 613 1
154 614 1
154 615 1
154 616 1
154 617 1
155 618 1
155 619 1
155 620 1
155 621 1
156 622 1
156 623 1
156 624 1
156 625 1
157 626 1
157 627 1
157 628 1
157 629 1
158 630 1
158 631 1
158 632 1
158 633 1
159 634 1
159 635 1
159 636 1
159 637 1
160 638 1
160 639 1
160 640 1
160 641 1
161 642 1
161 643 1
161 644 1
161 645 1
162 646 1
162 647 1
162 648 1
162 649 1
163 650 1
163 651 1
163 652 1
163 653 1
164 654 1
164 655 1
164 656 1
164 657 1
165 658 1
165 659 1
165 660 1
165 661 1
166 662 1
166 663 1
166 664 1
166 665 1
167 666 1
167 667 1
167 668 1
167 669 1
168 670 1
168 671 1
168 672 1
168 673 1
169 674 1
169 675 1
169 676 1
169 677 1
170 678 1
170 679 1
170 680 1
170 681 1
171 682 1
171 683 1
171 684 1
171 685 1
172 686 1
172 687 1
172 688 1
172 689 1
173 690 1
173 691 1
173 692 1
173 693 1
174 694 1
174 695 1
174 696 1
174 697 1
175 698 1
175 699 1
175 700 1
175 701 1
176 702 1
176 703 1
176 704 1
176 705 1
177 706 1
177 707 1
177 708 1
177 709 1
178 710 1
178 711 1
178 712 1
178 713 1
179 714 1
179 715 1
179 716 1
179 717 1
180 718 1
180 719 1
180 720 1
180 721 1
181 722 1
181 723 1
181 724 1
181 725 1
182 726 1
182 727 1
182 728 1
182 729 1
183 730 1
183 731 1
183 732 1
183 733 1
184 734 1
184 735 1
184 736 1
184 737 1
185 738 1
185 739 1
185 740 1
185 741 1
186 742 1
186 743 1
186 744 1
186 745 1
187 746 1
187 747 1
187 748 1
187 749 1
188 750 1
188 751 1
188 752 1
188 753 1
189 754 1
189 755 1
189 756 1
189 757 1
190 758 1
190 759 1
190 760 1
190 761 1
191 762 1
191 763 1
191 764 1
191 765 1
192 766 1
192 767 1
192 768 1
192 769 1
193 770 1
193 771 1
193 772 1
193 773 1
194 774 1
194 775 1
194 776 1
194 777 1
195 778 1
195 779 1
195 780 1
195 781 1
196 782 1
196 783 1
196 784 1
196 785 1
197 786 1
197 787 1
197 788 1
197 789 1
198 790 1
198 791 1
198 792 1
198 793 1
199 794 1
199 795 1
199 796 1
199 797 1
200 798 1
200 799 1
200 800 1
200 801 1
201 802 1
201 803 1
201 804 1
201 805 1
202 806 1
202 807 1
202 808 1
202 809 1
203 810 1
203 811 1
203 812 1
203 813 1
204 814 1
204 815 1
204 816 1
204 817 1
205 818 1
205 819 1
205 820 1
205 821 1
206 822 1
206 823 1
206 824 1
206 825 1
207 826 1
207 827 1
207 828 1
207 829 1
208 830 1
208 831 1
208 832 1
208 833 1
209 834 1
209 835 1
209 836 1
209 837 1
210 838 1
210 839 1
210 840 1
210 841 1
211 842 1
211 843 1
211 844 1
211 845 1
212 846 1
212 847 1
212 848 1
212 849 1
213 850 1
213 851 1
213 852 1
213 853 1
214 854 1
214 855 1
214 856 1
214 857 1
215 858 1
215 859 1
215 860 1
215 861 1
216 862 1
216 863 1
216 864 1
216 865 1
217 866 1
217 867 1
217 868 1
217 869 1
218 870 1
218 871 1
218 872 1
218 873 1
219 874 1
219 875 1
219 876 1
219 877 1
220 878 1
220 879 1
220 880 1
220 881 1
221 882 1
221 883 1
221 884 1
221 885 1
222 886 1
222 887 1
222 888 1
222 889 1
223 890 1
223 891 1
223 892 1
223 893 1
224 894 1
224 895 1
224 896 1
224 897 1
225 898 1
225 899 1
225 900 1
225 901 1
226 902 1
226 903 1
226 904 1
226 905 1
227 906 1
227 907 1
227 908 1
227 909 1
228 910 1
228 911 1
228 912 1
228 913 1
229 914 1
229 915 1
229 916 1
229 917 1
230 918 1
230 919 1
230 920 1
230 921 1
231 922 1
231 923 1
231 924 1
231 925 1
232 926 1
232 927 1
232 928 1
232 929 1
233 930 1
233 931 1
233 932 1
233 933 1
234 934 1
234 935 1
234 936 1
234 937 1
235 938 1
235 939 1
235 940 1
235 941 1
236 942 1
236 943 1
236 944 1
236 945 1
237 946 1
237 947 1
237 948 1
237 949 1
238 950 1
238 951 1
238 952 1
238 953 1
239 954 1
239 955 1
239 956 1
239 957 1
240 958 1
240 959 1
240 960 1
240 961 1
241 962 1
241 963 1
241 964 1
241 965 1
242 966 1
242 967 1
242 968 1
242 969 1
243 970 1
243 971 1
243 972 1
243 973 1
244 974 1
244 975 1
244 976 1
244 977 1
245 978 1
245 979 1
245 980 1
245 981 1
246 982 1
246 983 1
246 984 1
246 985 1
247 986 1
247 987 1
247 988 1
247 989 1
248 990 1
248 991 1
248 992 1
248 993 1
249 994 1
249 995 1
249 996 1
249 997 1
250 998 1
250 999 1
250 1000 1
250 1001 1
